-6.164230108261108398e-01 -2.169015705585479736e-01 0.000000000000000000e+00
-6.004962921142578125e-01 -1.446174383163452148e-01 0.000000000000000000e+00
-5.830567479133605957e-01 -1.381397247314453125e-01 0.000000000000000000e+00
-5.609349012374877930e-01 -1.837419271469116211e-01 0.000000000000000000e+00
-5.912579298019409180e-01 -2.441127598285675049e-01 0.000000000000000000e+00
-6.222407817840576172e-01 -2.173813581466674805e-01 0.000000000000000000e+00
-7.858527898788452148e-01 -3.167464733123779297e-01 0.000000000000000000e+00
-7.039738893508911133e-01 -2.076980769634246826e-01 0.000000000000000000e+00
-6.621751785278320312e-01 -8.865892887115478516e-02 0.000000000000000000e+00
-6.697756052017211914e-01 2.683030813932418823e-02 0.000000000000000000e+00
-7.120399475097656250e-01 1.995253115892410278e-01 0.000000000000000000e+00
-7.528040409088134766e-01 3.240282535552978516e-01 0.000000000000000000e+00
-8.046197891235351562e-01 4.793134331703186035e-01 0.000000000000000000e+00
-8.748508095741271973e-01 6.325886845588684082e-01 0.000000000000000000e+00
-9.961038827896118164e-01 8.577195405960083008e-01 0.000000000000000000e+00
-1.062327265739440918e+00 9.583716392517089844e-01 0.000000000000000000e+00
-1.114447355270385742e+00 1.023468852043151855e+00 0.000000000000000000e+00
-1.176692843437194824e+00 1.080078721046447754e+00 0.000000000000000000e+00
-1.268480300903320312e+00 1.172553300857543945e+00 0.000000000000000000e+00
-1.569076895713806152e+00 1.677305221557617188e+00 0.000000000000000000e+00
-1.716084957122802734e+00 2.297315120697021484e+00 0.000000000000000000e+00
-1.823436737060546875e+00 2.996837139129638672e+00 0.000000000000000000e+00
-1.874177455902099609e+00 3.298733234405517578e+00 0.000000000000000000e+00
-1.944709777832031250e+00 3.817631244659423828e+00 0.000000000000000000e+00
-1.863179683685302734e+00 3.474160194396972656e+00 0.000000000000000000e+00
-1.751451492309570312e+00 2.936236858367919922e+00 0.000000000000000000e+00
-1.648370265960693359e+00 2.432889223098754883e+00 0.000000000000000000e+00
-1.504448890686035156e+00 1.856263875961303711e+00 0.000000000000000000e+00
-1.382820010185241699e+00 1.438897609710693359e+00 0.000000000000000000e+00
-1.170496106147766113e+00 1.111095905303955078e+00 0.000000000000000000e+00
-9.450669884681701660e-01 9.540305733680725098e-01 0.000000000000000000e+00
-7.173658013343811035e-01 8.640829920768737793e-01 0.000000000000000000e+00
-6.182441711425781250e-01 8.238115310668945312e-01 0.000000000000000000e+00
-4.129745960235595703e-01 8.208638429641723633e-01 0.000000000000000000e+00
-2.343167662620544434e-01 8.244596123695373535e-01 0.000000000000000000e+00
-7.559549808502197266e-02 8.155109286308288574e-01 0.000000000000000000e+00
1.093938946723937988e-01 8.033224344253540039e-01 0.000000000000000000e+00
3.894144892692565918e-01 7.387883067131042480e-01 0.000000000000000000e+00
6.533060073852539062e-01 6.309772729873657227e-01 0.000000000000000000e+00
9.237657189369201660e-01 5.430283546447753906e-01 0.000000000000000000e+00
1.052468299865722656e+00 6.167788505554199219e-01 0.000000000000000000e+00
1.162013292312622070e+00 7.957673072814941406e-01 0.000000000000000000e+00
1.119521498680114746e+00 1.012748718261718750e+00 0.000000000000000000e+00
1.036543130874633789e+00 1.308961391448974609e+00 0.000000000000000000e+00
8.215594887733459473e-01 1.633209347724914551e+00 0.000000000000000000e+00
9.630857706069946289e-01 1.795610904693603516e+00 0.000000000000000000e+00
9.999951124191284180e-01 2.013048648834228516e+00 0.000000000000000000e+00
1.194351553916931152e+00 1.806641936302185059e+00 0.000000000000000000e+00
1.413322091102600098e+00 1.585713863372802734e+00 0.000000000000000000e+00
1.702890038490295410e+00 1.302048563957214355e+00 0.000000000000000000e+00
1.826721668243408203e+00 1.046969890594482422e+00 0.000000000000000000e+00
1.951152086257934570e+00 6.047586798667907715e-01 0.000000000000000000e+00
1.899842262268066406e+00 2.106517553329467773e-01 0.000000000000000000e+00
1.758032679557800293e+00 -3.383568525314331055e-01 0.000000000000000000e+00
1.635445952415466309e+00 -8.715280294418334961e-01 0.000000000000000000e+00
1.558497786521911621e+00 -1.284582376480102539e+00 0.000000000000000000e+00
1.542695641517639160e+00 -1.565648078918457031e+00 0.000000000000000000e+00
1.551289081573486328e+00 -1.852679491043090820e+00 0.000000000000000000e+00
1.540178775787353516e+00 -2.020230531692504883e+00 0.000000000000000000e+00
1.465392351150512695e+00 -1.877962827682495117e+00 0.000000000000000000e+00
1.411728143692016602e+00 -1.652467250823974609e+00 0.000000000000000000e+00
1.366165280342102051e+00 -1.443182706832885742e+00 0.000000000000000000e+00
1.290233373641967773e+00 -1.297944307327270508e+00 0.000000000000000000e+00
1.240841627120971680e+00 -1.049069523811340332e+00 0.000000000000000000e+00
1.200398445129394531e+00 -8.509312868118286133e-01 0.000000000000000000e+00
1.130449771881103516e+00 -5.857424736022949219e-01 0.000000000000000000e+00
1.041058659553527832e+00 -4.396923780441284180e-01 0.000000000000000000e+00
8.297694325447082520e-01 -3.371591567993164062e-01 0.000000000000000000e+00
6.322182416915893555e-01 -2.159532308578491211e-01 0.000000000000000000e+00
4.725086390972137451e-01 -2.305546998977661133e-01 0.000000000000000000e+00
3.120895326137542725e-01 -3.131840229034423828e-01 0.000000000000000000e+00
2.420321106910705566e-01 -3.244920969009399414e-01 0.000000000000000000e+00
4.180450439453125000e-01 -4.515806436538696289e-01 0.000000000000000000e+00
6.099843978881835938e-01 -5.971840620040893555e-01 0.000000000000000000e+00
7.284244298934936523e-01 -6.629480123519897461e-01 0.000000000000000000e+00
8.636814951896667480e-01 -7.701182365417480469e-01 0.000000000000000000e+00
8.007823228836059570e-01 -7.640835046768188477e-01 0.000000000000000000e+00
5.715235471725463867e-01 -7.487881183624267578e-01 0.000000000000000000e+00
2.947672009468078613e-01 -7.412849664688110352e-01 0.000000000000000000e+00
1.108414828777313232e-01 -7.149716615676879883e-01 0.000000000000000000e+00
-1.023404002189636230e-01 -6.504482030868530273e-01 0.000000000000000000e+00
-2.083820104598999023e-01 -5.734984874725341797e-01 0.000000000000000000e+00
-3.331078290939331055e-01 -4.949620962142944336e-01 0.000000000000000000e+00
-3.813230991363525391e-01 -4.862968921661376953e-01 0.000000000000000000e+00
-5.617755651473999023e-01 -4.707590341567993164e-01 0.000000000000000000e+00
-6.897517442703247070e-01 -4.907858371734619141e-01 0.000000000000000000e+00
-7.649370431900024414e-01 -4.483793973922729492e-01 0.000000000000000000e+00
-7.953853607177734375e-01 -3.893370032310485840e-01 0.000000000000000000e+00
-7.770192623138427734e-01 -3.190104365348815918e-01 0.000000000000000000e+00
4.565210938453674316e-01 -7.875744104385375977e-01 0.000000000000000000e+00
6.633816361427307129e-01 -7.999020814895629883e-01 0.000000000000000000e+00
