-2.091516494750976562e+00 -6.308751106262207031e-01 0.000000000000000000e+00
-2.123143672943115234e+00 -5.662777423858642578e-01 0.000000000000000000e+00
-2.067394971847534180e+00 -5.345213413238525391e-01 0.000000000000000000e+00
-1.967656373977661133e+00 -5.316562652587890625e-01 0.000000000000000000e+00
-1.993314266204833984e+00 -6.116204261779785156e-01 0.000000000000000000e+00
-2.102536678314208984e+00 -6.376605033874511719e-01 0.000000000000000000e+00
-2.026942253112792969e+00 -7.920429706573486328e-01 0.000000000000000000e+00
-2.207477092742919922e+00 -6.971099376678466797e-01 0.000000000000000000e+00
-2.292537212371826172e+00 -5.903670787811279297e-01 0.000000000000000000e+00
-2.288594245910644531e+00 -4.836857318878173828e-01 0.000000000000000000e+00
-2.185473918914794922e+00 -3.127372264862060547e-01 0.000000000000000000e+00
-2.079426288604736328e+00 -1.912180185317993164e-01 0.000000000000000000e+00
-1.870850086212158203e+00 -4.082608222961425781e-02 0.000000000000000000e+00
-1.694694757461547852e+00 8.268260955810546875e-02 0.000000000000000000e+00
-1.408465623855590820e+00 2.228473424911499023e-01 0.000000000000000000e+00
-1.184746265411376953e+00 2.257354259490966797e-01 0.000000000000000000e+00
-1.032361507415771484e+00 1.920968294143676758e-01 0.000000000000000000e+00
-8.132517337799072266e-01 5.536645650863647461e-02 0.000000000000000000e+00
-6.581060886383056641e-01 -3.094595670700073242e-02 0.000000000000000000e+00
-2.014818191528320312e-01 2.750229239463806152e-01 0.000000000000000000e+00
3.655672073364257812e-01 1.035066127777099609e+00 0.000000000000000000e+00
9.392769336700439453e-01 1.985906600952148438e+00 0.000000000000000000e+00
1.151452064514160156e+00 2.392466068267822266e+00 0.000000000000000000e+00
1.515351533889770508e+00 3.082985162734985352e+00 0.000000000000000000e+00
1.334429502487182617e+00 2.640189647674560547e+00 0.000000000000000000e+00
9.996163845062255859e-01 1.921874403953552246e+00 0.000000000000000000e+00
6.490037441253662109e-01 1.231198072433471680e+00 0.000000000000000000e+00
2.351853847503662109e-01 4.373701810836791992e-01 0.000000000000000000e+00
-1.010487079620361328e-01 -1.074607372283935547e-01 0.000000000000000000e+00
-3.264024257659912109e-01 -4.133933484554290771e-01 0.000000000000000000e+00
-4.260075092315673828e-01 -3.569028973579406738e-01 0.000000000000000000e+00
-4.143447875976562500e-01 -2.268506288528442383e-01 0.000000000000000000e+00
-4.058959484100341797e-01 -1.403071880340576172e-01 0.000000000000000000e+00
-3.019163608551025391e-01 -7.030451297760009766e-02 0.000000000000000000e+00
-2.362713813781738281e-01 -2.714252471923828125e-02 0.000000000000000000e+00
-2.049531936645507812e-01 4.822015762329101562e-04 0.000000000000000000e+00
-1.940479278564453125e-01 -1.135587692260742188e-02 0.000000000000000000e+00
-2.346696853637695312e-01 -8.131873607635498047e-02 0.000000000000000000e+00
-3.142015933990478516e-01 -2.142857313156127930e-01 0.000000000000000000e+00
-3.892288208007812500e-01 -4.146213531494140625e-01 0.000000000000000000e+00
-4.008715152740478516e-01 -5.325448513031005859e-01 0.000000000000000000e+00
-3.783233165740966797e-01 -6.240102052688598633e-01 0.000000000000000000e+00
-2.521476745605468750e-01 -5.483514070510864258e-01 0.000000000000000000e+00
9.552145004272460938e-02 -2.644720077514648438e-01 0.000000000000000000e+00
6.955981254577636719e-01 3.532539606094360352e-01 0.000000000000000000e+00
9.697716236114501953e-01 6.324510574340820312e-01 0.000000000000000000e+00
1.392439126968383789e+00 1.105945467948913574e+00 0.000000000000000000e+00
9.445861577987670898e-01 5.619693994522094727e-01 0.000000000000000000e+00
4.683675765991210938e-01 -2.823948860168457031e-03 0.000000000000000000e+00
-6.271171569824218750e-02 -6.390721797943115234e-01 0.000000000000000000e+00
-3.683187961578369141e-01 -9.969463348388671875e-01 0.000000000000000000e+00
-4.718570709228515625e-01 -1.256473779678344727e+00 0.000000000000000000e+00
-3.116127252578735352e-01 -1.230462789535522461e+00 0.000000000000000000e+00
3.188514709472656250e-02 -1.107857942581176758e+00 0.000000000000000000e+00
4.798438549041748047e-01 -1.013746738433837891e+00 0.000000000000000000e+00
8.999643325805664062e-01 -9.722750186920166016e-01 0.000000000000000000e+00
1.226007461547851562e+00 -9.765441417694091797e-01 0.000000000000000000e+00
1.480872988700866699e+00 -1.011629104614257812e+00 0.000000000000000000e+00
1.574730277061462402e+00 -1.034413814544677734e+00 0.000000000000000000e+00
1.364235162734985352e+00 -9.739739894866943359e-01 0.000000000000000000e+00
1.064841508865356445e+00 -9.134762287139892578e-01 0.000000000000000000e+00
7.250928878784179688e-01 -8.596043586730957031e-01 0.000000000000000000e+00
3.906803131103515625e-01 -7.835736274719238281e-01 0.000000000000000000e+00
5.727434158325195312e-02 -7.072522640228271484e-01 0.000000000000000000e+00
-1.445817947387695312e-01 -6.474537849426269531e-01 0.000000000000000000e+00
-3.381812572479248047e-01 -5.608940124511718750e-01 0.000000000000000000e+00
-4.370946884155273438e-01 -4.711298942565917969e-01 0.000000000000000000e+00
-5.589447021484375000e-01 -2.838299274444580078e-01 0.000000000000000000e+00
-6.069955825805664062e-01 -1.256160736083984375e-01 0.000000000000000000e+00
-6.784443855285644531e-01 -3.401160240173339844e-02 0.000000000000000000e+00
-8.027968406677246094e-01 -8.939981460571289062e-03 0.000000000000000000e+00
-8.439505100250244141e-01 -7.091522216796875000e-03 0.000000000000000000e+00
-8.347167968750000000e-01 -8.640742301940917969e-02 0.000000000000000000e+00
-7.948701381683349609e-01 -1.892995834350585938e-01 0.000000000000000000e+00
-7.263395786285400391e-01 -2.578444480895996094e-01 0.000000000000000000e+00
-6.108357906341552734e-01 -3.577051162719726562e-01 0.000000000000000000e+00
-6.818749904632568359e-01 -3.173358440399169922e-01 0.000000000000000000e+00
-8.854403495788574219e-01 -2.265310287475585938e-01 0.000000000000000000e+00
-1.004239797592163086e+00 -2.330737113952636719e-01 0.000000000000000000e+00
-1.032772779464721680e+00 -2.755572795867919922e-01 0.000000000000000000e+00
-1.068250894546508789e+00 -3.401122093200683594e-01 0.000000000000000000e+00
-1.119719505310058594e+00 -3.575556278228759766e-01 0.000000000000000000e+00
-1.226874828338623047e+00 -4.066329002380371094e-01 0.000000000000000000e+00
-1.271925210952758789e+00 -4.469654560089111328e-01 0.000000000000000000e+00
-1.474498748779296875e+00 -6.306991577148437500e-01 0.000000000000000000e+00
-1.534241676330566406e+00 -7.587902545928955078e-01 0.000000000000000000e+00
-1.691617727279663086e+00 -8.145656585693359375e-01 0.000000000000000000e+00
-1.858454704284667969e+00 -8.221750259399414062e-01 0.000000000000000000e+00
-2.022021532058715820e+00 -7.886991500854492188e-01 0.000000000000000000e+00
-9.633526802062988281e-01 -2.350859642028808594e-01 0.000000000000000000e+00
-8.313620090484619141e-01 -2.650709152221679688e-01 0.000000000000000000e+00
