-1.726344466209411621e+00 -1.361193895339965820e+00 0.000000000000000000e+00
-1.707429885864257812e+00 -1.359150886535644531e+00 0.000000000000000000e+00
-1.620786428451538086e+00 -1.342783451080322266e+00 0.000000000000000000e+00
-1.504295468330383301e+00 -1.329809188842773438e+00 0.000000000000000000e+00
-1.595655441284179688e+00 -1.342597484588623047e+00 0.000000000000000000e+00
-1.746309757232666016e+00 -1.361926794052124023e+00 0.000000000000000000e+00
-1.911403775215148926e+00 -1.212305068969726562e+00 0.000000000000000000e+00
-1.963829159736633301e+00 -1.335876941680908203e+00 0.000000000000000000e+00
-1.946062445640563965e+00 -1.359274148941040039e+00 0.000000000000000000e+00
-1.887064099311828613e+00 -1.286175966262817383e+00 0.000000000000000000e+00
-1.720844030380249023e+00 -1.093835592269897461e+00 0.000000000000000000e+00
-1.570356011390686035e+00 -9.282178878784179688e-01 0.000000000000000000e+00
-1.276765108108520508e+00 -6.860475540161132812e-01 0.000000000000000000e+00
-1.029251813888549805e+00 -4.414706230163574219e-01 0.000000000000000000e+00
-6.037044525146484375e-01 -5.438256263732910156e-02 0.000000000000000000e+00
-2.340767383575439453e-01 1.635961532592773438e-01 0.000000000000000000e+00
4.038226604461669922e-02 3.135347366333007812e-01 0.000000000000000000e+00
4.730348587036132812e-01 4.878618717193603516e-01 0.000000000000000000e+00
7.891911268234252930e-01 6.893007755279541016e-01 0.000000000000000000e+00
1.234121203422546387e+00 1.507516384124755859e+00 0.000000000000000000e+00
1.287166118621826172e+00 2.368165969848632812e+00 0.000000000000000000e+00
1.184832096099853516e+00 3.256140708923339844e+00 0.000000000000000000e+00
1.126937866210937500e+00 3.618370294570922852e+00 0.000000000000000000e+00
1.027511835098266602e+00 4.222335815429687500e+00 0.000000000000000000e+00
1.094651937484741211e+00 3.834195613861083984e+00 0.000000000000000000e+00
1.203994035720825195e+00 3.198033332824707031e+00 0.000000000000000000e+00
1.305512428283691406e+00 2.572193622589111328e+00 0.000000000000000000e+00
1.407987117767333984e+00 1.818749547004699707e+00 0.000000000000000000e+00
1.432531714439392090e+00 1.235604763031005859e+00 0.000000000000000000e+00
1.332213759422302246e+00 7.249670028686523438e-01 0.000000000000000000e+00
1.082485198974609375e+00 4.133694171905517578e-01 0.000000000000000000e+00
8.961673974990844727e-01 2.183511257171630859e-01 0.000000000000000000e+00
7.995333671569824219e-01 1.374323368072509766e-01 0.000000000000000000e+00
8.141459226608276367e-01 9.323167800903320312e-02 0.000000000000000000e+00
8.342607021331787109e-01 5.710077285766601562e-02 0.000000000000000000e+00
8.450200557708740234e-01 8.951187133789062500e-03 0.000000000000000000e+00
8.780686259269714355e-01 -5.343103408813476562e-02 0.000000000000000000e+00
9.285203814506530762e-01 -1.928575038909912109e-01 0.000000000000000000e+00
9.875259399414062500e-01 -3.546354770660400391e-01 0.000000000000000000e+00
1.060402989387512207e+00 -4.860727787017822266e-01 0.000000000000000000e+00
1.111786246299743652e+00 -4.805116653442382812e-01 0.000000000000000000e+00
1.169525146484375000e+00 -4.054849147796630859e-01 0.000000000000000000e+00
1.178251504898071289e+00 -2.117464542388916016e-01 0.000000000000000000e+00
1.103854417800903320e+00 2.024502754211425781e-01 0.000000000000000000e+00
8.936240673065185547e-01 8.606958389282226562e-01 0.000000000000000000e+00
7.493509054183959961e-01 1.107628107070922852e+00 0.000000000000000000e+00
5.372767448425292969e-01 1.518277168273925781e+00 0.000000000000000000e+00
7.308688163757324219e-01 1.038163661956787109e+00 0.000000000000000000e+00
9.335291385650634766e-01 5.338366031646728516e-01 0.000000000000000000e+00
1.144924879074096680e+00 -3.669714927673339844e-02 0.000000000000000000e+00
1.246858954429626465e+00 -3.824560642242431641e-01 0.000000000000000000e+00
1.195796370506286621e+00 -6.127064228057861328e-01 0.000000000000000000e+00
1.022694230079650879e+00 -5.867278575897216797e-01 0.000000000000000000e+00
7.294220924377441406e-01 -4.346432685852050781e-01 0.000000000000000000e+00
3.875341415405273438e-01 -1.808836460113525391e-01 0.000000000000000000e+00
8.387458324432373047e-02 7.838869094848632812e-02 0.000000000000000000e+00
-1.389712095260620117e-01 2.807073593139648438e-01 0.000000000000000000e+00
-2.809484004974365234e-01 3.987550735473632812e-01 0.000000000000000000e+00
-3.168886899948120117e-01 4.170303344726562500e-01 0.000000000000000000e+00
-1.941725015640258789e-01 2.970027923583984375e-01 0.000000000000000000e+00
-5.997896194458007812e-03 1.162390708923339844e-01 0.000000000000000000e+00
2.317180633544921875e-01 -1.208262443542480469e-01 0.000000000000000000e+00
4.769551753997802734e-01 -3.803100585937500000e-01 0.000000000000000000e+00
7.059580087661743164e-01 -6.100964546203613281e-01 0.000000000000000000e+00
8.359363079071044922e-01 -7.348136901855468750e-01 0.000000000000000000e+00
9.476169347763061523e-01 -8.291809558868408203e-01 0.000000000000000000e+00
9.907146692276000977e-01 -8.707094192504882812e-01 0.000000000000000000e+00
9.956126213073730469e-01 -9.361019134521484375e-01 0.000000000000000000e+00
9.214972257614135742e-01 -9.193959236145019531e-01 0.000000000000000000e+00
8.366785049438476562e-01 -9.619319438934326172e-01 0.000000000000000000e+00
7.192076444625854492e-01 -1.057492733001708984e+00 0.000000000000000000e+00
6.456518173217773438e-01 -1.075072765350341797e+00 0.000000000000000000e+00
8.511238098144531250e-01 -1.152851104736328125e+00 0.000000000000000000e+00
1.016559123992919922e+00 -1.202115297317504883e+00 0.000000000000000000e+00
1.065203905105590820e+00 -1.179675579071044922e+00 0.000000000000000000e+00
1.074810147285461426e+00 -1.123592376708984375e+00 0.000000000000000000e+00
1.091456055641174316e+00 -1.179909229278564453e+00 0.000000000000000000e+00
1.061622858047485352e+00 -1.319638490676879883e+00 0.000000000000000000e+00
8.459298610687255859e-01 -1.341060876846313477e+00 0.000000000000000000e+00
6.124607324600219727e-01 -1.286150455474853516e+00 0.000000000000000000e+00
2.537355422973632812e-01 -1.196935176849365234e+00 0.000000000000000000e+00
1.864433288574218750e-03 -1.159089565277099609e+00 0.000000000000000000e+00
-3.455718755722045898e-01 -1.141170740127563477e+00 0.000000000000000000e+00
-4.765795469284057617e-01 -1.138551235198974609e+00 0.000000000000000000e+00
-1.000972032546997070e+00 -1.136909246444702148e+00 0.000000000000000000e+00
-1.265245079994201660e+00 -1.076228618621826172e+00 0.000000000000000000e+00
-1.546912670135498047e+00 -1.092605829238891602e+00 0.000000000000000000e+00
-1.760246515274047852e+00 -1.139859437942504883e+00 0.000000000000000000e+00
-1.895608425140380859e+00 -1.218805551528930664e+00 0.000000000000000000e+00
1.011701345443725586e+00 -1.369883537292480469e+00 0.000000000000000000e+00
1.109679102897644043e+00 -1.305251836776733398e+00 0.000000000000000000e+00
