-2.150464773178100586e+00 -7.490124702453613281e-01 0.000000000000000000e+00
-2.090780735015869141e+00 -7.099561691284179688e-01 0.000000000000000000e+00
-2.020699262619018555e+00 -7.227181196212768555e-01 0.000000000000000000e+00
-1.958274722099304199e+00 -7.728046178817749023e-01 0.000000000000000000e+00
-2.065298080444335938e+00 -7.913789749145507812e-01 0.000000000000000000e+00
-2.166368246078491211e+00 -7.459282875061035156e-01 0.000000000000000000e+00
-2.368717432022094727e+00 -8.036818504333496094e-01 0.000000000000000000e+00
-2.332715749740600586e+00 -7.135002613067626953e-01 0.000000000000000000e+00
-2.238631248474121094e+00 -6.468348503112792969e-01 0.000000000000000000e+00
-2.120996475219726562e+00 -6.091845035552978516e-01 0.000000000000000000e+00
-1.891372919082641602e+00 -5.811063051223754883e-01 0.000000000000000000e+00
-1.704934358596801758e+00 -5.692727565765380859e-01 0.000000000000000000e+00
-1.399058580398559570e+00 -5.675770044326782227e-01 0.000000000000000000e+00
-1.130460619926452637e+00 -5.621800422668457031e-01 0.000000000000000000e+00
-6.990605592727661133e-01 -5.583609938621520996e-01 0.000000000000000000e+00
-3.937575817108154297e-01 -5.637823343276977539e-01 0.000000000000000000e+00
-1.784181296825408936e-01 -5.644515156745910645e-01 0.000000000000000000e+00
1.209563314914703369e-01 -5.605143904685974121e-01 0.000000000000000000e+00
3.655669689178466797e-01 -5.364479422569274902e-01 0.000000000000000000e+00
8.984608054161071777e-01 -3.450046777725219727e-01 0.000000000000000000e+00
1.203809976577758789e+00 -3.127598762512207031e-02 0.000000000000000000e+00
1.432134270668029785e+00 3.329508304595947266e-01 0.000000000000000000e+00
1.520030856132507324e+00 4.824436902999877930e-01 0.000000000000000000e+00
1.660922408103942871e+00 7.497242689132690430e-01 0.000000000000000000e+00
1.561565876007080078e+00 5.999186038970947266e-01 0.000000000000000000e+00
1.401738405227661133e+00 3.525818586349487305e-01 0.000000000000000000e+00
1.241666674613952637e+00 1.172442436218261719e-01 0.000000000000000000e+00
1.032003998756408691e+00 -1.416496038436889648e-01 0.000000000000000000e+00
8.437968492507934570e-01 -3.354131579399108887e-01 0.000000000000000000e+00
6.079834103584289551e-01 -4.710132479667663574e-01 0.000000000000000000e+00
3.699280023574829102e-01 -5.398097038269042969e-01 0.000000000000000000e+00
2.070341408252716064e-01 -5.794607996940612793e-01 0.000000000000000000e+00
1.325622349977493286e-01 -6.035140752792358398e-01 0.000000000000000000e+00
1.491596996784210205e-01 -6.251175403594970703e-01 0.000000000000000000e+00
1.803465038537979126e-01 -6.522379517555236816e-01 0.000000000000000000e+00
2.075899541378021240e-01 -6.905043125152587891e-01 0.000000000000000000e+00
2.565362453460693359e-01 -7.402980923652648926e-01 0.000000000000000000e+00
3.351288437843322754e-01 -8.500423431396484375e-01 0.000000000000000000e+00
4.251414835453033447e-01 -9.807803630828857422e-01 0.000000000000000000e+00
5.368539690971374512e-01 -1.086732625961303711e+00 0.000000000000000000e+00
5.913541316986083984e-01 -1.058385610580444336e+00 0.000000000000000000e+00
6.333303451538085938e-01 -9.539868831634521484e-01 0.000000000000000000e+00
6.242946386337280273e-01 -7.788710594177246094e-01 0.000000000000000000e+00
6.067070960998535156e-01 -4.844938516616821289e-01 0.000000000000000000e+00
5.584163665771484375e-01 -9.823590517044067383e-02 0.000000000000000000e+00
5.565077066421508789e-01 5.395549535751342773e-02 0.000000000000000000e+00
5.324823856353759766e-01 2.870391607284545898e-01 0.000000000000000000e+00
5.837485790252685547e-01 3.048914670944213867e-02 0.000000000000000000e+00
6.539417505264282227e-01 -2.530007958412170410e-01 0.000000000000000000e+00
7.581187486648559570e-01 -6.014304161071777344e-01 0.000000000000000000e+00
8.210916519165039062e-01 -8.515698909759521484e-01 0.000000000000000000e+00
8.986030817031860352e-01 -1.131466269493103027e+00 0.000000000000000000e+00
9.180932641029357910e-01 -1.280818223953247070e+00 0.000000000000000000e+00
9.241254925727844238e-01 -1.439579367637634277e+00 0.000000000000000000e+00
9.276075363159179688e-01 -1.547223567962646484e+00 0.000000000000000000e+00
9.251205325126647949e-01 -1.601507782936096191e+00 0.000000000000000000e+00
9.273763298988342285e-01 -1.624329805374145508e+00 0.000000000000000000e+00
9.417685866355895996e-01 -1.689893484115600586e+00 0.000000000000000000e+00
9.478873014450073242e-01 -1.754169940948486328e+00 0.000000000000000000e+00
9.285412430763244629e-01 -1.756233453750610352e+00 0.000000000000000000e+00
9.119647741317749023e-01 -1.749147891998291016e+00 0.000000000000000000e+00
8.995227217674255371e-01 -1.774428367614746094e+00 0.000000000000000000e+00
8.785792589187622070e-01 -1.836947917938232422e+00 0.000000000000000000e+00
8.434445858001708984e-01 -1.833920001983642578e+00 0.000000000000000000e+00
8.040884733200073242e-01 -1.801651954650878906e+00 0.000000000000000000e+00
7.334408760070800781e-01 -1.722826719284057617e+00 0.000000000000000000e+00
6.646413207054138184e-01 -1.671250820159912109e+00 0.000000000000000000e+00
5.181279182434082031e-01 -1.634553670883178711e+00 0.000000000000000000e+00
3.569688498973846436e-01 -1.545445203781127930e+00 0.000000000000000000e+00
2.078411877155303955e-01 -1.532898426055908203e+00 0.000000000000000000e+00
1.396110653877258301e-02 -1.553266286849975586e+00 0.000000000000000000e+00
-8.137375116348266602e-02 -1.537024021148681641e+00 0.000000000000000000e+00
1.339430809020996094e-01 -1.688474297523498535e+00 0.000000000000000000e+00
3.543268442153930664e-01 -1.827971100807189941e+00 0.000000000000000000e+00
4.762380421161651611e-01 -1.872655153274536133e+00 0.000000000000000000e+00
6.042717695236206055e-01 -1.918692827224731445e+00 0.000000000000000000e+00
5.539829134941101074e-01 -1.932761788368225098e+00 0.000000000000000000e+00
3.290112614631652832e-01 -1.946097135543823242e+00 0.000000000000000000e+00
-1.628631353378295898e-02 -1.884592652320861816e+00 0.000000000000000000e+00
-2.824917435646057129e-01 -1.790676116943359375e+00 0.000000000000000000e+00
-6.362906694412231445e-01 -1.626543998718261719e+00 0.000000000000000000e+00
-8.539493083953857422e-01 -1.489462375640869141e+00 0.000000000000000000e+00
-1.146008729934692383e+00 -1.320179224014282227e+00 0.000000000000000000e+00
-1.260606050491333008e+00 -1.272135257720947266e+00 0.000000000000000000e+00
-1.710916757583618164e+00 -1.105200290679931641e+00 0.000000000000000000e+00
-1.946765899658203125e+00 -1.055805683135986328e+00 0.000000000000000000e+00
-2.157094955444335938e+00 -9.637547731399536133e-01 0.000000000000000000e+00
-2.295035839080810547e+00 -8.812890052795410156e-01 0.000000000000000000e+00
-2.357038974761962891e+00 -8.062076568603515625e-01 0.000000000000000000e+00
1.990959644317626953e-01 -1.964095592498779297e+00 0.000000000000000000e+00
4.335318505764007568e-01 -1.984097242355346680e+00 0.000000000000000000e+00
