-1.300395965576171875e+00 -1.408215880393981934e+00 0.000000000000000000e+00
-1.262590885162353516e+00 -1.363963723182678223e+00 0.000000000000000000e+00
-1.191215753555297852e+00 -1.353555798530578613e+00 0.000000000000000000e+00
-1.116004109382629395e+00 -1.384745359420776367e+00 0.000000000000000000e+00
-1.213763833045959473e+00 -1.422514557838439941e+00 0.000000000000000000e+00
-1.315052032470703125e+00 -1.407383203506469727e+00 0.000000000000000000e+00
-1.427128911018371582e+00 -1.319830536842346191e+00 0.000000000000000000e+00
-1.455903887748718262e+00 -1.367004871368408203e+00 0.000000000000000000e+00
-1.425594806671142578e+00 -1.321419596672058105e+00 0.000000000000000000e+00
-1.350044012069702148e+00 -1.201972484588623047e+00 0.000000000000000000e+00
-1.170009493827819824e+00 -9.578497409820556641e-01 0.000000000000000000e+00
-1.023286342620849609e+00 -7.555890083312988281e-01 0.000000000000000000e+00
-7.782707810401916504e-01 -4.540882110595703125e-01 0.000000000000000000e+00
-5.945534706115722656e-01 -1.461408138275146484e-01 0.000000000000000000e+00
-3.559681177139282227e-01 3.630943298339843750e-01 0.000000000000000000e+00
-2.242668271064758301e-01 6.987661123275756836e-01 0.000000000000000000e+00
-1.779423952102661133e-01 9.482673406600952148e-01 0.000000000000000000e+00
-1.936907172203063965e-01 1.291115283966064453e+00 0.000000000000000000e+00
-3.211038708686828613e-01 1.622292518615722656e+00 0.000000000000000000e+00
-7.294945716857910156e-01 2.402564525604248047e+00 0.000000000000000000e+00
-9.517185091972351074e-01 2.754743814468383789e+00 0.000000000000000000e+00
-1.080030441284179688e+00 2.980232477188110352e+00 0.000000000000000000e+00
-1.110255002975463867e+00 3.075442790985107422e+00 0.000000000000000000e+00
-1.163554668426513672e+00 3.214390277862548828e+00 0.000000000000000000e+00
-1.161119341850280762e+00 3.076675415039062500e+00 0.000000000000000000e+00
-1.134508371353149414e+00 2.878343105316162109e+00 0.000000000000000000e+00
-1.089222192764282227e+00 2.688663482666015625e+00 0.000000000000000000e+00
-1.011819839477539062e+00 2.421225070953369141e+00 0.000000000000000000e+00
-8.787496089935302734e-01 2.173656463623046875e+00 0.000000000000000000e+00
-5.927148461341857910e-01 1.758259415626525879e+00 0.000000000000000000e+00
-1.652531623840332031e-01 1.283205986022949219e+00 0.000000000000000000e+00
2.422641515731811523e-01 8.562721014022827148e-01 0.000000000000000000e+00
4.436296224594116211e-01 6.558760404586791992e-01 0.000000000000000000e+00
7.299737334251403809e-01 4.342068433761596680e-01 0.000000000000000000e+00
9.552654027938842773e-01 2.621185779571533203e-01 0.000000000000000000e+00
1.146142959594726562e+00 1.056952476501464844e-01 0.000000000000000000e+00
1.317974448204040527e+00 -5.096626281738281250e-02 0.000000000000000000e+00
1.516308784484863281e+00 -2.922116518020629883e-01 0.000000000000000000e+00
1.604253530502319336e+00 -5.041579008102416992e-01 0.000000000000000000e+00
1.630229234695434570e+00 -6.414574384689331055e-01 0.000000000000000000e+00
1.679161906242370605e+00 -6.213353872299194336e-01 0.000000000000000000e+00
1.710773825645446777e+00 -5.600333213806152344e-01 0.000000000000000000e+00
1.593491315841674805e+00 -4.552071094512939453e-01 0.000000000000000000e+00
1.213765978813171387e+00 -3.468683958053588867e-01 0.000000000000000000e+00
5.840123295783996582e-01 -2.309410572052001953e-01 0.000000000000000000e+00
4.803601801395416260e-01 -3.636941909790039062e-01 0.000000000000000000e+00
2.344078421592712402e-01 -4.508812427520751953e-01 0.000000000000000000e+00
6.399256587028503418e-01 -5.090235471725463867e-01 0.000000000000000000e+00
1.078740835189819336e+00 -5.737305879592895508e-01 0.000000000000000000e+00
1.563385128974914551e+00 -6.679713726043701172e-01 0.000000000000000000e+00
1.798620462417602539e+00 -7.090501785278320312e-01 0.000000000000000000e+00
1.824659824371337891e+00 -7.313616275787353516e-01 0.000000000000000000e+00
1.593587279319763184e+00 -6.821080446243286133e-01 0.000000000000000000e+00
1.115415811538696289e+00 -5.700607299804687500e-01 0.000000000000000000e+00
6.047185063362121582e-01 -3.730883598327636719e-01 0.000000000000000000e+00
2.294769734144210815e-01 -1.540660858154296875e-01 0.000000000000000000e+00
5.600869655609130859e-03 2.137851715087890625e-02 0.000000000000000000e+00
-2.213130891323089600e-01 9.920597076416015625e-02 0.000000000000000000e+00
-3.657973408699035645e-01 9.204864501953125000e-02 0.000000000000000000e+00
-3.077610731124877930e-01 -1.142334938049316406e-02 0.000000000000000000e+00
-1.780016273260116577e-01 -1.758606433868408203e-01 0.000000000000000000e+00
-7.067658007144927979e-02 -4.171099662780761719e-01 0.000000000000000000e+00
-5.226324498653411865e-02 -7.123365402221679688e-01 0.000000000000000000e+00
1.047627478837966919e-01 -9.600725173950195312e-01 0.000000000000000000e+00
2.618299126625061035e-01 -1.089325666427612305e+00 0.000000000000000000e+00
5.060874819755554199e-01 -1.177804827690124512e+00 0.000000000000000000e+00
6.239802837371826172e-01 -1.228320360183715820e+00 0.000000000000000000e+00
6.170310974121093750e-01 -1.351443171501159668e+00 0.000000000000000000e+00
6.752029657363891602e-01 -1.357008337974548340e+00 0.000000000000000000e+00
5.401756763458251953e-01 -1.443461179733276367e+00 0.000000000000000000e+00
2.648805379867553711e-01 -1.592023372650146484e+00 0.000000000000000000e+00
1.857356131076812744e-01 -1.615608096122741699e+00 0.000000000000000000e+00
9.296581149101257324e-02 -1.731042385101318359e+00 0.000000000000000000e+00
-7.597088813781738281e-03 -1.794804334640502930e+00 0.000000000000000000e+00
-6.152927875518798828e-03 -1.753242731094360352e+00 0.000000000000000000e+00
-2.954569458961486816e-02 -1.666270494461059570e+00 0.000000000000000000e+00
-9.527996182441711426e-02 -1.755242347717285156e+00 0.000000000000000000e+00
-3.161690235137939453e-01 -1.983449578285217285e+00 0.000000000000000000e+00
-5.129395723342895508e-01 -2.037116527557373047e+00 0.000000000000000000e+00
-5.781813859939575195e-01 -1.960452675819396973e+00 0.000000000000000000e+00
-6.153511404991149902e-01 -1.807331800460815430e+00 0.000000000000000000e+00
-6.031428575515747070e-01 -1.705236196517944336e+00 0.000000000000000000e+00
-6.522383093833923340e-01 -1.596184253692626953e+00 0.000000000000000000e+00
-7.060521841049194336e-01 -1.564787745475769043e+00 0.000000000000000000e+00
-9.658709764480590820e-01 -1.455483913421630859e+00 0.000000000000000000e+00
-1.116835355758666992e+00 -1.360694646835327148e+00 0.000000000000000000e+00
-1.247984170913696289e+00 -1.313832879066467285e+00 0.000000000000000000e+00
-1.350227594375610352e+00 -1.303464293479919434e+00 0.000000000000000000e+00
-1.419940471649169922e+00 -1.327819824218750000e+00 0.000000000000000000e+00
-4.812329411506652832e-01 -2.072181701660156250e+00 0.000000000000000000e+00
-3.137244582176208496e-01 -1.957840204238891602e+00 0.000000000000000000e+00
