-1.593961715698242188e+00 4.059993028640747070e-01 0.000000000000000000e+00
-1.550251245498657227e+00 4.359556436538696289e-01 0.000000000000000000e+00
-1.534290790557861328e+00 4.283902645111083984e-01 0.000000000000000000e+00
-1.537775754928588867e+00 3.942576646804809570e-01 0.000000000000000000e+00
-1.580679893493652344e+00 3.761487007141113281e-01 0.000000000000000000e+00
-1.599146604537963867e+00 4.085061550140380859e-01 0.000000000000000000e+00
-1.767505526542663574e+00 3.907647132873535156e-01 0.000000000000000000e+00
-1.669505715370178223e+00 4.473695755004882812e-01 0.000000000000000000e+00
-1.573901772499084473e+00 4.944614171981811523e-01 0.000000000000000000e+00
-1.509403824806213379e+00 5.372139215469360352e-01 0.000000000000000000e+00
-1.424685001373291016e+00 5.910694599151611328e-01 0.000000000000000000e+00
-1.358224153518676758e+00 6.216343641281127930e-01 0.000000000000000000e+00
-1.244716644287109375e+00 6.313929557800292969e-01 0.000000000000000000e+00
-1.122421860694885254e+00 6.384603381156921387e-01 0.000000000000000000e+00
-8.725817203521728516e-01 6.078958511352539062e-01 0.000000000000000000e+00
-6.415702104568481445e-01 5.138478875160217285e-01 0.000000000000000000e+00
-4.339650869369506836e-01 4.233392477035522461e-01 0.000000000000000000e+00
-5.583590269088745117e-02 2.346446514129638672e-01 0.000000000000000000e+00
3.250817656517028809e-01 1.034174561500549316e-01 0.000000000000000000e+00
1.133619427680969238e+00 2.159879207611083984e-01 0.000000000000000000e+00
1.527348041534423828e+00 7.800307273864746094e-01 0.000000000000000000e+00
1.756001710891723633e+00 1.529646635055541992e+00 0.000000000000000000e+00
1.824426531791687012e+00 1.852512240409851074e+00 0.000000000000000000e+00
1.947157263755798340e+00 2.409920692443847656e+00 0.000000000000000000e+00
1.898648142814636230e+00 2.062053680419921875e+00 0.000000000000000000e+00
1.804512858390808105e+00 1.498794674873352051e+00 0.000000000000000000e+00
1.699495553970336914e+00 9.631534814834594727e-01 0.000000000000000000e+00
1.552253723144531250e+00 3.640127182006835938e-01 0.000000000000000000e+00
1.349192500114440918e+00 -3.499472141265869141e-02 0.000000000000000000e+00
9.805040359497070312e-01 -2.152086794376373291e-01 0.000000000000000000e+00
4.422816634178161621e-01 -1.050893366336822510e-01 0.000000000000000000e+00
-6.554126739501953125e-04 4.607588052749633789e-02 0.000000000000000000e+00
-2.295637726783752441e-01 1.306396126747131348e-01 0.000000000000000000e+00
-3.464481830596923828e-01 1.926515698432922363e-01 0.000000000000000000e+00
-4.067576527595520020e-01 2.253494858741760254e-01 0.000000000000000000e+00
-4.591180086135864258e-01 2.392771244049072266e-01 0.000000000000000000e+00
-4.505005478858947754e-01 2.157552242279052734e-01 0.000000000000000000e+00
-3.977398872375488281e-01 1.194256544113159180e-01 0.000000000000000000e+00
-2.644249796867370605e-01 -4.602730274200439453e-02 0.000000000000000000e+00
-2.206635475158691406e-02 -2.535197734832763672e-01 0.000000000000000000e+00
1.534538269042968750e-01 -3.116813898086547852e-01 0.000000000000000000e+00
3.779184818267822266e-01 -2.999451160430908203e-01 0.000000000000000000e+00
5.410645008087158203e-01 -1.490466594696044922e-01 0.000000000000000000e+00
8.191510438919067383e-01 1.736543178558349609e-01 0.000000000000000000e+00
1.047212958335876465e+00 7.272467613220214844e-01 0.000000000000000000e+00
1.156692743301391602e+00 9.889642000198364258e-01 0.000000000000000000e+00
1.243461370468139648e+00 1.403200626373291016e+00 0.000000000000000000e+00
1.212160468101501465e+00 9.512757062911987305e-01 0.000000000000000000e+00
1.183939576148986816e+00 4.690029621124267578e-01 0.000000000000000000e+00
1.175739526748657227e+00 -1.018030643463134766e-01 0.000000000000000000e+00
1.120319128036499023e+00 -4.704082608222961426e-01 0.000000000000000000e+00
1.054745793342590332e+00 -8.547610044479370117e-01 0.000000000000000000e+00
9.387320280075073242e-01 -1.010410904884338379e+00 0.000000000000000000e+00
7.975451946258544922e-01 -1.160259962081909180e+00 0.000000000000000000e+00
7.083233594894409180e-01 -1.304542064666748047e+00 0.000000000000000000e+00
6.421791315078735352e-01 -1.420001983642578125e+00 0.000000000000000000e+00
6.102735400199890137e-01 -1.510808944702148438e+00 0.000000000000000000e+00
6.193034648895263672e-01 -1.634903907775878906e+00 0.000000000000000000e+00
6.279948353767395020e-01 -1.714933872222900391e+00 0.000000000000000000e+00
6.015467643737792969e-01 -1.638205528259277344e+00 0.000000000000000000e+00
5.922648310661315918e-01 -1.535143375396728516e+00 0.000000000000000000e+00
6.036585569381713867e-01 -1.449587821960449219e+00 0.000000000000000000e+00
6.085090637207031250e-01 -1.377269268035888672e+00 0.000000000000000000e+00
5.786246061325073242e-01 -1.247139930725097656e+00 0.000000000000000000e+00
5.193275213241577148e-01 -1.128969192504882812e+00 0.000000000000000000e+00
3.866853713989257812e-01 -9.474072456359863281e-01 0.000000000000000000e+00
2.563481032848358154e-01 -8.091459274291992188e-01 0.000000000000000000e+00
1.783886551856994629e-02 -6.040778160095214844e-01 0.000000000000000000e+00
-2.537087202072143555e-01 -3.876570463180541992e-01 0.000000000000000000e+00
-4.163690507411956787e-01 -2.801632881164550781e-01 0.000000000000000000e+00
-5.330962538719177246e-01 -2.246093750000000000e-01 0.000000000000000000e+00
-6.044027805328369141e-01 -1.861028671264648438e-01 0.000000000000000000e+00
-3.008354008197784424e-01 -3.974912166595458984e-01 0.000000000000000000e+00
1.547661423683166504e-02 -6.288192272186279297e-01 0.000000000000000000e+00
1.669007241725921631e-01 -7.491481304168701172e-01 0.000000000000000000e+00
3.346818983554840088e-01 -9.023165702819824219e-01 0.000000000000000000e+00
2.959063351154327393e-01 -8.626856803894042969e-01 0.000000000000000000e+00
1.210841834545135498e-01 -7.219686508178710938e-01 0.000000000000000000e+00
-1.685570180416107178e-01 -5.628840923309326172e-01 0.000000000000000000e+00
-4.150878489017486572e-01 -4.409997463226318359e-01 0.000000000000000000e+00
-7.468997836112976074e-01 -2.684087753295898438e-01 0.000000000000000000e+00
-9.560817480087280273e-01 -1.361308097839355469e-01 0.000000000000000000e+00
-1.188357114791870117e+00 1.015281677246093750e-02 0.000000000000000000e+00
-1.258264183998107910e+00 4.501199722290039062e-02 0.000000000000000000e+00
-1.496944189071655273e+00 1.550025939941406250e-01 0.000000000000000000e+00
-1.627705216407775879e+00 1.864130496978759766e-01 0.000000000000000000e+00
-1.727712869644165039e+00 2.597703933715820312e-01 0.000000000000000000e+00
-1.773093223571777344e+00 3.284548521041870117e-01 0.000000000000000000e+00
-1.759755373001098633e+00 3.867071866989135742e-01 0.000000000000000000e+00
5.102434754371643066e-02 -6.903951168060302734e-01 0.000000000000000000e+00
2.400442361831665039e-01 -8.126180171966552734e-01 0.000000000000000000e+00
