-2.169900894165039062e+00 -5.724577903747558594e-01 0.000000000000000000e+00
-2.244867563247680664e+00 -5.180945992469787598e-01 0.000000000000000000e+00
-2.186979770660400391e+00 -5.170102119445800781e-01 0.000000000000000000e+00
-2.055520057678222656e+00 -5.632115602493286133e-01 0.000000000000000000e+00
-2.050752639770507812e+00 -6.033505201339721680e-01 0.000000000000000000e+00
-2.179245471954345703e+00 -5.721727609634399414e-01 0.000000000000000000e+00
-1.901225566864013672e+00 -6.569792032241821289e-01 0.000000000000000000e+00
-2.236609935760498047e+00 -5.727517008781433105e-01 0.000000000000000000e+00
-2.413755893707275391e+00 -4.898210763931274414e-01 0.000000000000000000e+00
-2.419147729873657227e+00 -4.272637069225311279e-01 0.000000000000000000e+00
-2.268608331680297852e+00 -3.433591127395629883e-01 0.000000000000000000e+00
-2.114746093750000000e+00 -2.786016464233398438e-01 0.000000000000000000e+00
-1.851074218750000000e+00 -1.647137701511383057e-01 0.000000000000000000e+00
-1.618121385574340820e+00 -4.878845810890197754e-02 0.000000000000000000e+00
-1.276572227478027344e+00 1.763805747032165527e-01 0.000000000000000000e+00
-1.092218875885009766e+00 3.971637487411499023e-01 0.000000000000000000e+00
-9.994478225708007812e-01 5.877994298934936523e-01 0.000000000000000000e+00
-9.499273300170898438e-01 9.321552515029907227e-01 0.000000000000000000e+00
-9.539234638214111328e-01 1.248815178871154785e+00 0.000000000000000000e+00
-7.396903038024902344e-01 1.912540316581726074e+00 0.000000000000000000e+00
-2.346560955047607422e-01 2.301211833953857422e+00 0.000000000000000000e+00
3.734693527221679688e-01 2.587085962295532227e+00 0.000000000000000000e+00
6.249613761901855469e-01 2.689064502716064453e+00 0.000000000000000000e+00
1.038425922393798828e+00 2.879707813262939453e+00 0.000000000000000000e+00
7.745592594146728516e-01 2.786581993103027344e+00 0.000000000000000000e+00
3.312470912933349609e-01 2.634652614593505859e+00 0.000000000000000000e+00
-1.107480525970458984e-01 2.490964889526367188e+00 0.000000000000000000e+00
-6.302516460418701172e-01 2.324532985687255859e+00 0.000000000000000000e+00
-9.819114208221435547e-01 2.134601593017578125e+00 0.000000000000000000e+00
-1.104371547698974609e+00 1.818544745445251465e+00 0.000000000000000000e+00
-9.287984371185302734e-01 1.367291331291198730e+00 0.000000000000000000e+00
-6.604750156402587891e-01 9.740272760391235352e-01 0.000000000000000000e+00
-5.147125720977783203e-01 7.674957513809204102e-01 0.000000000000000000e+00
-2.432508468627929688e-01 5.577408075332641602e-01 0.000000000000000000e+00
-2.798247337341308594e-02 3.697815239429473877e-01 0.000000000000000000e+00
1.446752548217773438e-01 1.771311312913894653e-01 0.000000000000000000e+00
2.958841323852539062e-01 -2.533492445945739746e-02 0.000000000000000000e+00
4.491686820983886719e-01 -3.672078251838684082e-01 0.000000000000000000e+00
5.029966831207275391e-01 -6.954683065414428711e-01 0.000000000000000000e+00
5.143373012542724609e-01 -9.464819431304931641e-01 0.000000000000000000e+00
5.451750755310058594e-01 -9.188117384910583496e-01 0.000000000000000000e+00
5.857214927673339844e-01 -7.524076104164123535e-01 0.000000000000000000e+00
6.022117137908935547e-01 -4.303143322467803955e-01 0.000000000000000000e+00
6.637244224548339844e-01 4.241630434989929199e-02 0.000000000000000000e+00
8.047144412994384766e-01 6.029829978942871094e-01 0.000000000000000000e+00
1.044101476669311523e+00 6.147632598876953125e-01 0.000000000000000000e+00
1.318548917770385742e+00 7.485104799270629883e-01 0.000000000000000000e+00
1.167587757110595703e+00 4.206086099147796631e-01 0.000000000000000000e+00
1.024546861648559570e+00 3.627654910087585449e-02 0.000000000000000000e+00
8.864314556121826172e-01 -4.838224351406097412e-01 0.000000000000000000e+00
7.792437076568603516e-01 -8.483821749687194824e-01 0.000000000000000000e+00
7.308185100555419922e-01 -1.345236063003540039e+00 0.000000000000000000e+00
7.285428047180175781e-01 -1.630397439002990723e+00 0.000000000000000000e+00
7.341747283935546875e-01 -1.935029149055480957e+00 0.000000000000000000e+00
8.148131370544433594e-01 -2.176182985305786133e+00 0.000000000000000000e+00
9.514291286468505859e-01 -2.336242675781250000e+00 0.000000000000000000e+00
1.096679687500000000e+00 -2.444095611572265625e+00 0.000000000000000000e+00
1.195275068283081055e+00 -2.589373350143432617e+00 0.000000000000000000e+00
1.208805799484252930e+00 -2.684420824050903320e+00 0.000000000000000000e+00
1.065850973129272461e+00 -2.612077713012695312e+00 0.000000000000000000e+00
8.869102001190185547e-01 -2.513078927993774414e+00 0.000000000000000000e+00
6.709313392639160156e-01 -2.444478511810302734e+00 0.000000000000000000e+00
4.189610481262207031e-01 -2.413741827011108398e+00 0.000000000000000000e+00
2.276086807250976562e-01 -2.311156034469604492e+00 0.000000000000000000e+00
1.380326747894287109e-01 -2.206876754760742188e+00 0.000000000000000000e+00
9.140777587890625000e-02 -2.033770561218261719e+00 0.000000000000000000e+00
5.967903137207031250e-02 -1.915006875991821289e+00 0.000000000000000000e+00
-5.519270896911621094e-02 -1.786095142364501953e+00 0.000000000000000000e+00
-8.361268043518066406e-02 -1.613827228546142578e+00 0.000000000000000000e+00
-2.057604789733886719e-01 -1.558487653732299805e+00 0.000000000000000000e+00
-4.152328968048095703e-01 -1.543233156204223633e+00 0.000000000000000000e+00
-4.786446094512939453e-01 -1.506929397583007812e+00 0.000000000000000000e+00
-4.941585063934326172e-01 -1.726431488990783691e+00 0.000000000000000000e+00
-4.983549118041992188e-01 -1.944773912429809570e+00 0.000000000000000000e+00
-4.446961879730224609e-01 -2.040342807769775391e+00 0.000000000000000000e+00
-3.625998497009277344e-01 -2.154929161071777344e+00 0.000000000000000000e+00
-4.444625377655029297e-01 -2.141434192657470703e+00 0.000000000000000000e+00
-6.755168437957763672e-01 -2.061288833618164062e+00 0.000000000000000000e+00
-7.903869152069091797e-01 -1.901672959327697754e+00 0.000000000000000000e+00
-7.933213710784912109e-01 -1.747813463211059570e+00 0.000000000000000000e+00
-7.982749938964843750e-01 -1.517848968505859375e+00 0.000000000000000000e+00
-8.522436618804931641e-01 -1.348567485809326172e+00 0.000000000000000000e+00
-9.891033172607421875e-01 -1.145808339118957520e+00 0.000000000000000000e+00
-1.043923377990722656e+00 -1.088170170783996582e+00 0.000000000000000000e+00
-1.273988008499145508e+00 -9.025638103485107422e-01 0.000000000000000000e+00
-1.281449317932128906e+00 -8.507965207099914551e-01 0.000000000000000000e+00
-1.452566623687744141e+00 -7.738784551620483398e-01 0.000000000000000000e+00
-1.660394430160522461e+00 -7.132109403610229492e-01 0.000000000000000000e+00
-1.903199911117553711e+00 -6.576794385910034180e-01 0.000000000000000000e+00
-7.747912406921386719e-01 -2.039193868637084961e+00 0.000000000000000000e+00
-6.385269165039062500e-01 -2.139199733734130859e+00 0.000000000000000000e+00
