-1.010742306709289551e+00 -1.028725743293762207e+00 0.000000000000000000e+00
-9.434884190559387207e-01 -1.031635999679565430e+00 0.000000000000000000e+00
-9.291369915008544922e-01 -9.817162156105041504e-01 0.000000000000000000e+00
-9.449760913848876953e-01 -9.120042324066162109e-01 0.000000000000000000e+00
-1.009111523628234863e+00 -9.535167813301086426e-01 0.000000000000000000e+00
-1.017136693000793457e+00 -1.038421869277954102e+00 0.000000000000000000e+00
-1.333022952079772949e+00 -1.011535763740539551e+00 0.000000000000000000e+00
-1.115885972976684570e+00 -1.127870321273803711e+00 0.000000000000000000e+00
-9.669141173362731934e-01 -1.160989522933959961e+00 0.000000000000000000e+00
-9.154713749885559082e-01 -1.120859384536743164e+00 0.000000000000000000e+00
-9.069140553474426270e-01 -9.766115546226501465e-01 0.000000000000000000e+00
-9.189970493316650391e-01 -8.423053026199340820e-01 0.000000000000000000e+00
-9.413728117942810059e-01 -5.968319177627563477e-01 0.000000000000000000e+00
-9.743820428848266602e-01 -3.746954202651977539e-01 0.000000000000000000e+00
-1.020591020584106445e+00 1.008391380310058594e-03 0.000000000000000000e+00
-1.029801011085510254e+00 3.007336854934692383e-01 0.000000000000000000e+00
-1.024419307708740234e+00 5.211944580078125000e-01 0.000000000000000000e+00
-9.828849434852600098e-01 8.560998439788818359e-01 0.000000000000000000e+00
-9.387146830558776855e-01 1.113434910774230957e+00 0.000000000000000000e+00
-9.284641146659851074e-01 1.623818039894104004e+00 0.000000000000000000e+00
-1.010350704193115234e+00 1.954191684722900391e+00 0.000000000000000000e+00
-1.139935970306396484e+00 2.219196081161499023e+00 0.000000000000000000e+00
-1.205913066864013672e+00 2.320215940475463867e+00 0.000000000000000000e+00
-1.310153126716613770e+00 2.496725559234619141e+00 0.000000000000000000e+00
-1.216264247894287109e+00 2.391437053680419922e+00 0.000000000000000000e+00
-1.083634138107299805e+00 2.224505901336669922e+00 0.000000000000000000e+00
-9.668598771095275879e-01 2.066044569015502930e+00 0.000000000000000000e+00
-8.342310190200805664e-01 1.881060361862182617e+00 0.000000000000000000e+00
-7.627965211868286133e-01 1.713426470756530762e+00 0.000000000000000000e+00
-7.338120937347412109e-01 1.522749781608581543e+00 0.000000000000000000e+00
-7.904585003852844238e-01 1.310651898384094238e+00 0.000000000000000000e+00
-8.354701995849609375e-01 1.175916194915771484e+00 0.000000000000000000e+00
-8.656172156333923340e-01 1.103330969810485840e+00 0.000000000000000000e+00
-8.260824084281921387e-01 1.132556438446044922e+00 0.000000000000000000e+00
-7.665931582450866699e-01 1.153482198715209961e+00 0.000000000000000000e+00
-7.001683712005615234e-01 1.150781989097595215e+00 0.000000000000000000e+00
-5.868404507637023926e-01 1.149899721145629883e+00 0.000000000000000000e+00
-3.632826805114746094e-01 1.099946498870849609e+00 0.000000000000000000e+00
-8.100736141204833984e-02 1.011158943176269531e+00 0.000000000000000000e+00
2.458026409149169922e-01 9.473533630371093750e-01 0.000000000000000000e+00
3.542673587799072266e-01 1.030348539352416992e+00 0.000000000000000000e+00
4.070382118225097656e-01 1.204880833625793457e+00 0.000000000000000000e+00
3.266701698303222656e-01 1.386492013931274414e+00 0.000000000000000000e+00
2.595020532608032227e-01 1.563293218612670898e+00 0.000000000000000000e+00
1.256541013717651367e-01 1.659528493881225586e+00 0.000000000000000000e+00
2.152597904205322266e-01 1.663609147071838379e+00 0.000000000000000000e+00
2.271723747253417969e-01 1.662647962570190430e+00 0.000000000000000000e+00
3.753108978271484375e-01 1.646976470947265625e+00 0.000000000000000000e+00
5.546959638595581055e-01 1.615276336669921875e+00 0.000000000000000000e+00
8.301018476486206055e-01 1.526008009910583496e+00 0.000000000000000000e+00
1.002588987350463867e+00 1.390185832977294922e+00 0.000000000000000000e+00
1.324836730957031250e+00 1.018842101097106934e+00 0.000000000000000000e+00
1.515663146972656250e+00 6.257286071777343750e-01 0.000000000000000000e+00
1.751069664955139160e+00 6.028303503990173340e-02 0.000000000000000000e+00
2.001864910125732422e+00 -4.873297810554504395e-01 0.000000000000000000e+00
2.196371555328369141e+00 -9.011074304580688477e-01 0.000000000000000000e+00
2.348598480224609375e+00 -1.173362731933593750e+00 0.000000000000000000e+00
2.514177322387695312e+00 -1.414227008819580078e+00 0.000000000000000000e+00
2.589690208435058594e+00 -1.535977840423583984e+00 0.000000000000000000e+00
2.451529741287231445e+00 -1.410697221755981445e+00 0.000000000000000000e+00
2.282664775848388672e+00 -1.205695271492004395e+00 0.000000000000000000e+00
2.122092247009277344e+00 -9.925462603569030762e-01 0.000000000000000000e+00
1.966495513916015625e+00 -8.247067928314208984e-01 0.000000000000000000e+00
1.755590081214904785e+00 -5.765571594238281250e-01 0.000000000000000000e+00
1.572279810905456543e+00 -3.854572772979736328e-01 0.000000000000000000e+00
1.292881965637207031e+00 -1.353499293327331543e-01 0.000000000000000000e+00
1.077503204345703125e+00 -6.132870912551879883e-04 0.000000000000000000e+00
7.541493177413940430e-01 7.968080043792724609e-02 0.000000000000000000e+00
4.188435673713684082e-01 1.616743803024291992e-01 0.000000000000000000e+00
2.327222824096679688e-01 1.174233853816986084e-01 0.000000000000000000e+00
8.543419837951660156e-02 9.089022874832153320e-03 0.000000000000000000e+00
-2.517938613891601562e-03 -2.000641822814941406e-02 0.000000000000000000e+00
3.329595327377319336e-01 -7.150974869728088379e-02 0.000000000000000000e+00
7.079734802246093750e-01 -1.555912494659423828e-01 0.000000000000000000e+00
9.130535125732421875e-01 -1.998229324817657471e-01 0.000000000000000000e+00
1.162298321723937988e+00 -2.847408950328826904e-01 0.000000000000000000e+00
1.085584282875061035e+00 -2.777808308601379395e-01 0.000000000000000000e+00
7.804974913597106934e-01 -2.635934054851531982e-01 0.000000000000000000e+00
3.545575141906738281e-01 -2.600696086883544922e-01 0.000000000000000000e+00
3.326472640037536621e-02 -2.546882033348083496e-01 0.000000000000000000e+00
-3.613259196281433105e-01 -2.628651261329650879e-01 0.000000000000000000e+00
-5.683097243309020996e-01 -2.885277271270751953e-01 0.000000000000000000e+00
-7.874208092689514160e-01 -3.653548657894134521e-01 0.000000000000000000e+00
-8.625853657722473145e-01 -4.039660394191741943e-01 0.000000000000000000e+00
-1.126680374145507812e+00 -5.819808840751647949e-01 0.000000000000000000e+00
-1.323281288146972656e+00 -6.466752290725708008e-01 0.000000000000000000e+00
-1.407689213752746582e+00 -7.697855830192565918e-01 0.000000000000000000e+00
-1.407761812210083008e+00 -8.925983905792236328e-01 0.000000000000000000e+00
-1.320958495140075684e+00 -1.007768511772155762e+00 0.000000000000000000e+00
6.421827077865600586e-01 -2.857760190963745117e-01 0.000000000000000000e+00
9.463821649551391602e-01 -2.997808754444122314e-01 0.000000000000000000e+00
