1.491409540176391602e-02 -1.311681270599365234e-01 0.000000000000000000e+00
7.735872268676757812e-02 1.131987571716308594e-02 0.000000000000000000e+00
1.073260307312011719e-01 8.250021934509277344e-02 0.000000000000000000e+00
1.105996370315551758e-01 8.817553520202636719e-02 0.000000000000000000e+00
3.168910741806030273e-02 -8.983540534973144531e-02 0.000000000000000000e+00
6.538331508636474609e-03 -1.493411064147949219e-01 0.000000000000000000e+00
-2.655363082885742188e-01 -6.726524829864501953e-01 0.000000000000000000e+00
-1.042363643646240234e-01 -3.720936775207519531e-01 0.000000000000000000e+00
5.912840366363525391e-03 -1.317620277404785156e-01 0.000000000000000000e+00
4.306709766387939453e-02 7.355213165283203125e-04 0.000000000000000000e+00
5.514532327651977539e-02 1.516370773315429688e-01 0.000000000000000000e+00
4.868721961975097656e-02 2.479593753814697266e-01 0.000000000000000000e+00
4.968094825744628906e-02 4.241008758544921875e-01 0.000000000000000000e+00
9.731054306030273438e-03 5.290040969848632812e-01 0.000000000000000000e+00
-8.571803569793701172e-02 6.730420589447021484e-01 0.000000000000000000e+00
-1.394331455230712891e-01 8.262779712677001953e-01 0.000000000000000000e+00
-1.978114843368530273e-01 9.232928752899169922e-01 0.000000000000000000e+00
-2.927405238151550293e-01 1.075728178024291992e+00 0.000000000000000000e+00
-4.449222087860107422e-01 1.108545064926147461e+00 0.000000000000000000e+00
-9.253976345062255859e-01 8.990483283996582031e-01 0.000000000000000000e+00
-1.225064992904663086e+00 6.398496627807617188e-01 0.000000000000000000e+00
-1.470785140991210938e+00 3.716313838958740234e-01 0.000000000000000000e+00
-1.573116779327392578e+00 2.659363746643066406e-01 0.000000000000000000e+00
-1.735423564910888672e+00 1.089239120483398438e-01 0.000000000000000000e+00
-1.607028961181640625e+00 2.194130420684814453e-01 0.000000000000000000e+00
-1.414826273918151855e+00 4.122798442840576172e-01 0.000000000000000000e+00
-1.231884956359863281e+00 6.194317340850830078e-01 0.000000000000000000e+00
-9.966214895248413086e-01 8.945560455322265625e-01 0.000000000000000000e+00
-7.917284369468688965e-01 1.114131450653076172e+00 0.000000000000000000e+00
-5.065900087356567383e-01 1.316466808319091797e+00 0.000000000000000000e+00
-2.051700055599212646e-01 1.429277777671813965e+00 0.000000000000000000e+00
5.788001418113708496e-02 1.512125611305236816e+00 0.000000000000000000e+00
1.817967891693115234e-01 1.541428565979003906e+00 0.000000000000000000e+00
3.123317360877990723e-01 1.568145513534545898e+00 0.000000000000000000e+00
4.030954241752624512e-01 1.561901569366455078e+00 0.000000000000000000e+00
4.803779721260070801e-01 1.540409326553344727e+00 0.000000000000000000e+00
5.434483289718627930e-01 1.492890000343322754e+00 0.000000000000000000e+00
6.290720701217651367e-01 1.385136246681213379e+00 0.000000000000000000e+00
6.928270459175109863e-01 1.237007975578308105e+00 0.000000000000000000e+00
7.314310669898986816e-01 1.059785604476928711e+00 0.000000000000000000e+00
7.035620212554931641e-01 1.007856845855712891e+00 0.000000000000000000e+00
6.175960302352905273e-01 9.758112430572509766e-01 0.000000000000000000e+00
4.940416812896728516e-01 9.792921543121337891e-01 0.000000000000000000e+00
3.329252600669860840e-01 8.653852939605712891e-01 0.000000000000000000e+00
1.825161576271057129e-01 6.674270629882812500e-01 0.000000000000000000e+00
1.991569995880126953e-01 4.731411933898925781e-01 0.000000000000000000e+00
1.998374462127685547e-01 2.636888027191162109e-01 0.000000000000000000e+00
2.638615369796752930e-01 3.810646533966064453e-01 0.000000000000000000e+00
3.375867605209350586e-01 4.850690364837646484e-01 0.000000000000000000e+00
4.478243589401245117e-01 5.392348766326904297e-01 0.000000000000000000e+00
5.512965917587280273e-01 5.572543144226074219e-01 0.000000000000000000e+00
8.127304315567016602e-01 3.979337215423583984e-01 0.000000000000000000e+00
1.067539215087890625e+00 2.130205631256103516e-01 0.000000000000000000e+00
1.406840324401855469e+00 -1.021709442138671875e-01 0.000000000000000000e+00
1.760130524635314941e+00 -4.962768554687500000e-01 0.000000000000000000e+00
2.064622640609741211e+00 -8.431866168975830078e-01 0.000000000000000000e+00
2.298818588256835938e+00 -1.104280710220336914e+00 0.000000000000000000e+00
2.473988056182861328e+00 -1.357730627059936523e+00 0.000000000000000000e+00
2.526684761047363281e+00 -1.488804578781127930e+00 0.000000000000000000e+00
2.362944602966308594e+00 -1.322358369827270508e+00 0.000000000000000000e+00
2.139985084533691406e+00 -1.079125165939331055e+00 0.000000000000000000e+00
1.879778146743774414e+00 -8.345794677734375000e-01 0.000000000000000000e+00
1.605141997337341309e+00 -6.237492561340332031e-01 0.000000000000000000e+00
1.345236659049987793e+00 -3.369774818420410156e-01 0.000000000000000000e+00
1.186161994934082031e+00 -1.179137229919433594e-01 0.000000000000000000e+00
1.024343371391296387e+00 1.682617664337158203e-01 0.000000000000000000e+00
9.253081679344177246e-01 3.461470603942871094e-01 0.000000000000000000e+00
7.789805531501770020e-01 5.343649387359619141e-01 0.000000000000000000e+00
6.993306875228881836e-01 7.085047960281372070e-01 0.000000000000000000e+00
6.133184432983398438e-01 7.276396751403808594e-01 0.000000000000000000e+00
4.782700836658477783e-01 6.344472169876098633e-01 0.000000000000000000e+00
4.326722919940948486e-01 6.071993112564086914e-01 0.000000000000000000e+00
4.426036775112152100e-01 4.782176017761230469e-01 0.000000000000000000e+00
4.983026981353759766e-01 3.267860412597656250e-01 0.000000000000000000e+00
5.823409557342529297e-01 2.529733180999755859e-01 0.000000000000000000e+00
7.070542573928833008e-01 1.220026016235351562e-01 0.000000000000000000e+00
6.258044242858886719e-01 1.401987075805664062e-01 0.000000000000000000e+00
3.629051446914672852e-01 1.425395011901855469e-01 0.000000000000000000e+00
1.257871389389038086e-01 2.441573143005371094e-02 0.000000000000000000e+00
1.929453015327453613e-02 -6.919312477111816406e-02 0.000000000000000000e+00
-5.764746665954589844e-02 -1.513032913208007812e-01 0.000000000000000000e+00
-4.493466019630432129e-02 -1.148242950439453125e-01 0.000000000000000000e+00
-3.295397758483886719e-02 -9.949874877929687500e-02 0.000000000000000000e+00
-5.182653665542602539e-02 -1.432790756225585938e-01 0.000000000000000000e+00
-1.567893624305725098e-01 -3.911545276641845703e-01 0.000000000000000000e+00
-2.923492789268493652e-01 -6.716706752777099609e-01 0.000000000000000000e+00
-3.293542265892028809e-01 -7.660007476806640625e-01 0.000000000000000000e+00
-3.201330304145812988e-01 -7.646834850311279297e-01 0.000000000000000000e+00
-2.553669214248657227e-01 -6.540634632110595703e-01 0.000000000000000000e+00
2.230978608131408691e-01 4.878711700439453125e-02 0.000000000000000000e+00
4.339722990989685059e-01 1.005129814147949219e-01 0.000000000000000000e+00
