-9.199092388153076172e-01 1.243968009948730469e+00 0.000000000000000000e+00
-9.971122741699218750e-01 1.237453699111938477e+00 0.000000000000000000e+00
-1.017631053924560547e+00 1.172774910926818848e+00 0.000000000000000000e+00
-9.979305267333984375e-01 1.078049898147583008e+00 0.000000000000000000e+00
-9.189565181732177734e-01 1.143396377563476562e+00 0.000000000000000000e+00
-9.138278961181640625e-01 1.258606791496276855e+00 0.000000000000000000e+00
-6.502163410186767578e-01 1.359881520271301270e+00 0.000000000000000000e+00
-8.376333713531494141e-01 1.411560654640197754e+00 0.000000000000000000e+00
-9.818055629730224609e-01 1.413355827331542969e+00 0.000000000000000000e+00
-1.061745405197143555e+00 1.379129409790039062e+00 0.000000000000000000e+00
-1.140652894973754883e+00 1.270844936370849609e+00 0.000000000000000000e+00
-1.184453010559082031e+00 1.177084445953369141e+00 0.000000000000000000e+00
-1.237843990325927734e+00 1.007843017578125000e+00 0.000000000000000000e+00
-1.269837379455566406e+00 8.850421905517578125e-01 0.000000000000000000e+00
-1.299621701240539551e+00 7.188571691513061523e-01 0.000000000000000000e+00
-1.304366827011108398e+00 6.187060475349426270e-01 0.000000000000000000e+00
-1.296867251396179199e+00 5.777410268783569336e-01 0.000000000000000000e+00
-1.261259078979492188e+00 5.694319009780883789e-01 0.000000000000000000e+00
-1.216031074523925781e+00 6.321687102317810059e-01 0.000000000000000000e+00
-1.013159751892089844e+00 8.618104457855224609e-01 0.000000000000000000e+00
-6.903779506683349609e-01 1.028722763061523438e+00 0.000000000000000000e+00
-3.505654335021972656e-01 1.175676465034484863e+00 0.000000000000000000e+00
-2.282831668853759766e-01 1.232645750045776367e+00 0.000000000000000000e+00
-1.269602775573730469e-02 1.341082811355590820e+00 0.000000000000000000e+00
-1.049592494964599609e-01 1.285391211509704590e+00 0.000000000000000000e+00
-2.862238883972167969e-01 1.198784828186035156e+00 0.000000000000000000e+00
-4.794886112213134766e-01 1.121025562286376953e+00 0.000000000000000000e+00
-7.005608081817626953e-01 1.036009788513183594e+00 0.000000000000000000e+00
-8.857593536376953125e-01 9.432786703109741211e-01 0.000000000000000000e+00
-9.926589727401733398e-01 7.782869338989257812e-01 0.000000000000000000e+00
-1.040413856506347656e+00 5.388845801353454590e-01 0.000000000000000000e+00
-1.028555750846862793e+00 2.980989813804626465e-01 0.000000000000000000e+00
-1.030592918395996094e+00 1.713987141847610474e-01 0.000000000000000000e+00
-9.561901092529296875e-01 -1.906594634056091309e-02 0.000000000000000000e+00
-8.979728221893310547e-01 -1.790063530206680298e-01 0.000000000000000000e+00
-8.624070882797241211e-01 -3.269554376602172852e-01 0.000000000000000000e+00
-8.226734399795532227e-01 -4.762430191040039062e-01 0.000000000000000000e+00
-7.953929901123046875e-01 -7.022094130516052246e-01 0.000000000000000000e+00
-7.865349054336547852e-01 -8.992759585380554199e-01 0.000000000000000000e+00
-7.369009256362915039e-01 -1.046561717987060547e+00 0.000000000000000000e+00
-6.422948837280273438e-01 -1.034138441085815430e+00 0.000000000000000000e+00
-4.848699569702148438e-01 -9.271793365478515625e-01 0.000000000000000000e+00
-3.177574872970581055e-01 -7.104111909866333008e-01 0.000000000000000000e+00
7.647037506103515625e-03 -3.684751391410827637e-01 0.000000000000000000e+00
4.150581359863281250e-01 4.413683712482452393e-02 0.000000000000000000e+00
6.861963272094726562e-01 8.882476389408111572e-02 0.000000000000000000e+00
1.009995937347412109e+00 2.142710089683532715e-01 0.000000000000000000e+00
7.692818641662597656e-01 -2.480860054492950439e-02 0.000000000000000000e+00
5.086994171142578125e-01 -3.029917776584625244e-01 0.000000000000000000e+00
2.194995880126953125e-01 -6.690604090690612793e-01 0.000000000000000000e+00
-3.582954406738281250e-03 -9.282120466232299805e-01 0.000000000000000000e+00
-1.613671779632568359e-01 -1.284951925277709961e+00 0.000000000000000000e+00
-2.162607908248901367e-01 -1.503123998641967773e+00 0.000000000000000000e+00
-2.252432107925415039e-01 -1.737813591957092285e+00 0.000000000000000000e+00
-1.124815940856933594e-01 -1.942556142807006836e+00 0.000000000000000000e+00
5.534565448760986328e-02 -2.102547168731689453e+00 0.000000000000000000e+00
2.232390642166137695e-01 -2.225069522857666016e+00 0.000000000000000000e+00
3.502593040466308594e-01 -2.350732326507568359e+00 0.000000000000000000e+00
3.800520896911621094e-01 -2.412659883499145508e+00 0.000000000000000000e+00
2.205432653427124023e-01 -2.317858695983886719e+00 0.000000000000000000e+00
2.002465724945068359e-02 -2.193043708801269531e+00 0.000000000000000000e+00
-2.121362686157226562e-01 -2.070681095123291016e+00 0.000000000000000000e+00
-4.700719118118286133e-01 -1.954057216644287109e+00 0.000000000000000000e+00
-6.911708116531372070e-01 -1.813348531723022461e+00 0.000000000000000000e+00
-8.171530961990356445e-01 -1.708932757377624512e+00 0.000000000000000000e+00
-9.312477111816406250e-01 -1.573237657546997070e+00 0.000000000000000000e+00
-1.009093999862670898e+00 -1.476101160049438477e+00 0.000000000000000000e+00
-1.153697729110717773e+00 -1.320154666900634766e+00 0.000000000000000000e+00
-1.216854333877563477e+00 -1.166672229766845703e+00 0.000000000000000000e+00
-1.280039787292480469e+00 -1.036270856857299805e+00 0.000000000000000000e+00
-1.329174280166625977e+00 -8.617076873779296875e-01 0.000000000000000000e+00
-1.327180385589599609e+00 -7.759950160980224609e-01 0.000000000000000000e+00
-1.363570690155029297e+00 -9.606032967567443848e-01 0.000000000000000000e+00
-1.371091842651367188e+00 -1.156371951103210449e+00 0.000000000000000000e+00
-1.334478020668029785e+00 -1.277016282081604004e+00 0.000000000000000000e+00
-1.255381941795349121e+00 -1.419162988662719727e+00 0.000000000000000000e+00
-1.311498165130615234e+00 -1.358172297477722168e+00 0.000000000000000000e+00
-1.424336552619934082e+00 -1.116474747657775879e+00 0.000000000000000000e+00
-1.371787548065185547e+00 -8.021082878112792969e-01 0.000000000000000000e+00
-1.260356664657592773e+00 -5.782271027565002441e-01 0.000000000000000000e+00
-1.100015282630920410e+00 -2.821547389030456543e-01 0.000000000000000000e+00
-1.032202959060668945e+00 -9.308570623397827148e-02 0.000000000000000000e+00
-9.530215263366699219e-01 1.709855496883392334e-01 0.000000000000000000e+00
-9.109766483306884766e-01 2.748254239559173584e-01 0.000000000000000000e+00
-7.373247146606445312e-01 6.858208179473876953e-01 0.000000000000000000e+00
-5.819199085235595703e-01 8.864334821701049805e-01 0.000000000000000000e+00
-5.427467823028564453e-01 1.092685937881469727e+00 0.000000000000000000e+00
-5.694837570190429688e-01 1.247789382934570312e+00 0.000000000000000000e+00
-6.575448513031005859e-01 1.349329710006713867e+00 0.000000000000000000e+00
-1.429631710052490234e+00 -9.889395833015441895e-01 0.000000000000000000e+00
-1.409727454185485840e+00 -1.218743443489074707e+00 0.000000000000000000e+00
